Close,High,Low,Open,Volume
AEIS,AEIS,AEIS,AEIS,AEIS
96.15512084960938,99.06950836390675,94.93834212684851,97.12658834539717,258200
99.9526596069336,100.21760052974652,96.4691307976881,96.4691307976881,246500
104.27027130126953,106.08562833990608,100.18816418907211,100.18816418907211,430100
109.44158935546875,111.2569464390249,104.52539996728115,105.73237139890249,276100
110.15791320800781,112.91529305197614,108.52899341595479,111.51206976222583,236200
111.71815490722656,111.9732884980997,108.06781078601824,108.30332217137837,231600
111.98310852050781,112.93493900583402,110.43269218462233,112.70924994259896,201000
109.52010345458984,113.7886482114014,109.25515501187512,111.97329095695673,178700
115.49605560302734,117.6450500830752,111.22751117935073,111.88496358190655,429200
113.30781555175781,114.28909046605514,110.11867208029149,113.76901595932291,306500
121.72714233398438,122.18833520281012,114.97596689645377,114.97596689645377,398800
117.17404174804688,123.19906915572913,116.37920397229367,122.5416092698032,394900
117.84130096435547,119.22490218822402,116.51658132623746,117.99830854431225,283000
116.60491180419922,117.50768302103731,114.65216913446356,116.67360075577311,250100
112.37557983398438,116.84038289175359,110.52097117590354,116.79131616018297,342700
109.255126953125,113.79843383208454,108.50936353423596,112.77790719480606,235900
102.19977569580078,106.93933495179793,101.27737495400767,105.2417261909602,293700
104.94735717773438,106.72347000033956,102.73948845040587,104.82960897032531,357300
100.65917205810547,105.05527902543263,99.06950416678129,105.05527902543263,283800
106.53702545166016,106.84121830311716,101.66008754954028,102.27829558512587,205500
109.71634674072266,110.04998410752727,107.10615933864041,108.4603160371763,293500
106.74309539794922,110.17755796538148,105.79125743141536,110.17755796538148,230300
110.91349029541016,111.17843868589709,106.0561829928312,106.66456858210869,292700
111.04108428955078,112.45411522028986,109.60841617951853,112.45411522028986,177700
113.95545196533203,114.58346730529432,111.52189439461154,112.66016939084315,275500
112.68961334228516,113.53351041077252,111.32564174039985,113.53351041077252,292900
103.41656494140625,111.36489042841174,102.30772695849998,107.78323541348284,666600
106.02676391601562,108.41126240186298,103.27919099470215,104.99642219888959,554500
106.98838806152344,107.6850922569133,104.78051980660663,105.55572778116132,328000
108.92149353027344,110.27564994387669,107.30238875076029,108.97056026071067,348500
108.52900695800781,108.72526643809314,104.41747004679132,107.26316138595871,296300
104.0838394165039,107.44961298103325,103.9072096162518,106.97859768484959,199000
106.56880187988281,108.533203757853,105.193719066584,105.7437566880626,330400
102.44353485107422,104.8400994363765,100.64610579190008,104.8400994363765,345300
102.04084014892578,102.86589271465665,95.41098477254893,99.76213460078904,427000
106.86345672607422,107.17776070200276,101.1666887320718,102.46319356947677,383900
99.49694061279297,106.16607722087815,99.21210149136533,105.9499993469373,239900
102.59087371826172,104.13292872195152,97.80756047102909,101.28455230921324,377000
109.38773345947266,109.48595206559412,104.11331113179808,104.56512271483624,235700
105.03656768798828,110.14400942131569,104.71243958930297,110.14400942131569,321600
103.38648223876953,107.75727381310926,103.2489746944262,105.90091447087516,159500
98.21026611328125,103.80881575200928,96.75661297443267,103.0623409681259,413300
100.38090515136719,101.15684457738503,94.69396988485545,101.15684457738503,240400
94.61540985107422,100.98989128096238,94.47790233131191,100.98989128096238,315100
102.11943054199219,103.58290781015087,97.66023747947007,97.66023747947007,311400
101.92298126220703,105.08566927125533,101.65779032376292,103.90703122146249,166200
106.76522064208984,106.81433367800136,103.44538473903407,104.97761554142947,156600
104.45703887939453,105.22315419659145,103.22928805219526,104.63383529825508,141800
106.07770538330078,106.10717021359811,102.86591148971206,103.81864014158728,166400
105.55714416503906,108.71000852049279,104.78120446480979,107.64922962699461,281900
108.1795883178711,108.52335707628876,102.15870051199407,105.0954786104721,234100
102.32569885253906,107.0991962361178,101.2452792684399,106.55898269726882,184900
101.47116088867188,102.66944704757078,99.78177433636176,102.04083914349222,929400
103.00341796875,105.46873699722038,102.09978738518772,103.74006869301138,167000
98.58348083496094,102.71854462595448,97.34590593160351,102.71854462595448,262100
100.01751708984375,105.97947611268333,99.8800095665702,102.18818012848836,434500
100.2630615234375,101.78546829857314,97.65040374480581,98.2102579125701,282900
109.07342529296875,109.49577202753557,101.29438758900332,101.29438758900332,278100
105.61605834960938,108.50373130529195,104.14275704464445,107.36437469919207,375300
104.09363555908203,106.30358717815425,101.69706340533719,104.37846717339727,389500
107.22686004638672,108.59211856537783,105.18388057422828,106.0580461844863,439200
114.6228256225586,115.25143350907595,109.61360324842465,109.79039968485748,343900
118.18821716308594,120.18208347171604,115.50680583843364,117.86408911954392,395600
117.41230773925781,119.23920218785437,115.45772985911807,117.6774987104933,221000
115.57559204101562,117.07835840024835,114.40677792472299,116.98013979712447,132200
116.47919464111328,118.1784054005765,114.6228356430811,118.1784054005765,188200
116.34170532226562,116.61672789658073,114.15140129113402,115.30057466138328,158800
117.40248107910156,117.9034056734342,115.7327424227911,116.73458411785762,205100
112.61915588378906,118.39449432900979,111.22442494665788,117.88374567777922,189300
111.28335571289062,114.90767163683843,110.87082567406284,112.07893597777715,193000
113.72904205322266,113.84690885782254,110.79226348772487,113.77814760160736,191500
114.67194366455078,115.21215710323604,113.28703693642902,114.19066736964774,202200
109.97704315185547,115.10413338355458,107.99299300791125,113.60136710742181,174000
105.3410415649414,110.83154074049018,104.35884071118905,110.73332215383451,251400
113.09061431884766,113.24777006434996,105.64552948164005,106.59826558135217,187500
110.86101531982422,113.79779383418138,109.50557331812247,113.28704518340746,302900
114.34782409667969,115.86041434377711,111.44051040520861,111.51908827369112,175200
117.5890884399414,117.97214617677145,115.20234004467838,115.20234004467838,249300
115.39878845214844,118.79720286744747,115.10413266092054,117.61856471533864,133200
114.59337615966797,114.97643390768737,113.15936375797514,114.28889628139564,137600
112.4718246459961,116.59706533645064,111.61730718437997,116.59706533645064,114300
108.34657287597656,110.83153981627241,108.04209301180367,109.23055513570179,204600
106.43128967285156,109.69219634730077,106.42146556568566,109.57432954210448,310200
101.4024429321289,104.39815938697424,100.24344529476579,104.39815938697424,361700
92.01258087158203,98.3870626323757,89.87138260379149,95.17526897748898,904700
88.80078125,90.8732181214911,87.56320609745273,90.8732181214911,671300
88.51596069335938,91.12861157108262,88.12307877743729,90.24462913365774,591500
83.95854187011719,88.84007437647091,83.54601176926586,88.21146635772439,482500
85.45149230957031,86.30600993036181,80.2556477974921,80.2556477974921,363800
86.885498046875,88.48648295128382,84.70501066589199,86.1488473097104,463500
90.18568420410156,90.80446805876332,88.073950820354,88.3980789081474,367200
92.06169891357422,92.67065871046064,89.70441512018537,92.14026929492826,234500
91.95367431640625,91.98313915191605,87.59269881455471,90.50983742762567,224200
90.116943359375,92.96532780896335,89.94997098485683,92.72960166296127,237000
93.2501449584961,93.55462480400155,87.99536476202866,87.99536476202866,204600
96.60929107666016,97.43433632073332,92.35635894303826,93.7019770123659,246000
96.41263580322266,97.86777580110328,95.97019859168275,97.86777580110328,277800
98.32987213134766,98.78214340612595,96.56010844636857,96.99271901407981,238200
98.50685119628906,100.16845478360007,97.86776943137384,99.29340702130304,252300
98.47735595703125,99.55887489999824,97.03205016454339,98.24138245944938,199300
100.28644561767578,101.0140118482848,98.40852916287487,98.69365819271907,181600
100.29629516601562,100.90587473637856,98.91981282769645,100.90587473637856,159600
101.76124572753906,101.93822210711419,99.99148193178789,101.24998479833543,235900
101.73175048828125,102.23318481184737,100.47325512823018,102.23318481184737,455800
99.11644744873047,100.65024544475875,97.92677565452733,100.65024544475875,262100
101.0730209350586,101.377810709372,98.29056153987325,100.06031805355677,180300
101.24999237060547,101.54494802447371,99.82434712262271,101.31881610663052,181800
101.30897521972656,102.62646022150929,99.94232719497768,102.43965723693098,190800
99.79486083984375,101.9972280821731,98.95914183059259,101.65310937262558,193000
101.1221694946289,101.30897998922615,99.33274489228926,99.92266368953511,162500
102.79360961914062,103.49168103558141,101.53510674736275,101.83006988162184,194000
104.09143829345703,104.81900455373412,101.71208741320183,103.17706154019652,287400
103.36386108398438,104.68135359368713,102.43965775756142,104.24874299330352,312200
103.32453918457031,104.17009223300055,102.25285421692311,103.71782089334188,282900
102.84276580810547,103.73748182026667,101.24998587619746,103.0394103992957,251800
102.25285339355469,102.70512472957152,100.06031294813482,101.41713445740997,437500
103.41302490234375,103.92428584209026,101.24998688624238,102.8919298576336,206500
104.33724975585938,104.53388687420723,101.75142739235613,102.9902622413783,222400
105.68421936035156,106.49044346813372,103.88496815112244,104.7895108083952,202600
107.82759857177734,107.97508014912458,106.29380817030517,106.97221892536768,134400
109.65635681152344,109.87266213404149,107.55230822176149,108.40769540593058,597000
111.68174743652344,112.22251074223756,109.21391944447336,110.44292013816461,255900
111.69157409667969,112.80259545049611,110.92467891513616,111.2687975861846,244300
110.81653594970703,111.78990241897944,109.59736933659234,111.7702417080111,186800
109.13525390625,111.30812607937165,108.6928166882009,111.24913645062495,146300
107.65061950683594,110.72804184009259,107.32616904619587,110.39374977298915,159800
108.1520767211914,108.211066362647,105.50726444461722,107.7489608346421,268100
107.83744049072266,109.9611498542345,106.72642652982654,108.7911462586152,196400
104.96649169921875,106.18565826787736,102.20369308234203,104.96649169921875,162400
104.88782501220703,106.03816774615794,103.87512974208492,104.93698803552768,215000
105.90052032470703,106.06766260210541,104.03243795613778,105.00581180946192,169800
104.53388214111328,106.3626357636018,104.13077381638456,105.30077736966172,157700
101.45645141601562,106.54942977499404,101.14182758887202,105.57605598061099,178400
98.3003921508789,101.00419360455399,96.68793638283319,100.99435949892496,189900
94.58386993408203,99.40155311186723,94.57404333153926,99.28357387156753,242000
93.01077270507812,94.4757394584976,90.26764220627518,92.56833544772043,297700
97.60231018066406,98.95913166930974,93.04026046795069,93.88581349671627,233000
101.56462860107422,102.2430319384248,97.533499996392,98.33972421708333,236300
99.38191223144531,101.56461862710186,98.6838407492603,100.87637374941995,120500
99.64737701416016,100.46343529365454,99.18527154260973,100.07015356246959,133600
98.50685119628906,101.19098410721966,98.37903034257174,99.75551241287594,130700
95.93089294433594,98.15292864857707,93.5712097408364,97.68098900738671,198400
99.9324951171875,100.92552969169851,96.3438119033644,96.78625661536205,168000
100.60105895996094,101.77106977043266,98.42818709853012,99.41138744313538,158700
102.00704193115234,103.13772389617614,99.1557592588561,99.50971200445005,133400
101.26964569091797,104.82883399719479,101.17132714680267,103.06890430300184,113100
101.1221694946289,102.76411252235097,98.59534452042581,102.02671215048753,195600
88.85184478759766,93.78750871376555,88.19309465601006,90.30697753821144,516300
90.4740982055664,90.55275603846704,86.35449359861138,87.30819919416605,446200
92.60763549804688,92.60763549804688,89.66786130045783,90.80837721013573,210800
91.4572982788086,95.12463908623766,91.4474716756498,93.10907525756431,218200
88.09477996826172,93.45322820787409,87.81948497636878,93.45322820787409,295800
87.90796661376953,88.27174602409026,86.48232128573203,88.2619119180417,390100
85.32215118408203,87.07224714041986,84.60441891045953,87.06242053480496,252100
85.1550064086914,86.25619380496012,83.60154762678343,85.79408831276498,216500
84.1816177368164,85.64658417658362,83.77850198760832,84.52573636344314,189600
81.4876708984375,84.28979888007474,80.44548056216463,83.218106221923,309500
83.05093383789062,84.44707651901679,82.68714701200987,82.73631002945059,314600
81.77278137207031,83.04111087979628,81.19269669477298,81.69412353409716,204700
81.4381103515625,82.34374203735554,80.74903688695468,81.30028965043643,201300
82.29450225830078,82.97372963280986,81.38887076579138,82.0582521972666,490000
85.50360870361328,85.74970474351309,82.9540498249185,82.9540498249185,287700
86.41909790039062,87.24597710079054,85.40518328121905,85.40518328121905,217500
86.34031677246094,87.24594821888613,85.55281410566873,86.42891523474908,154900
89.66753387451172,90.37629154761125,86.77345005636043,86.77345005636043,255200
89.04737854003906,91.40005577322972,88.7323759505398,90.32708078439774,147200
88.77176666259766,89.41161788892708,87.28534443101799,89.15567589634423,220900
88.24019622802734,89.62818150997656,87.65941317376844,89.14582786022184,161900
88.50597381591797,89.44113566222717,87.92518331927789,88.22050153929885,143600
87.70862579345703,89.04738883111122,87.28534031081261,88.41738357930396,124600
87.93502807617188,88.48628073516835,86.73407834599736,88.04331092136822,165700
84.6078109741211,87.93503406161948,84.30265430429907,87.93503406161948,200800
84.82437896728516,86.02532881159846,84.1648434004098,84.41093943374433,147100
85.6611099243164,87.66925459694227,85.39532949437944,85.78908467709626,178300
86.70454406738281,86.95064006609115,84.66686949848793,86.49782432969828,168300
84.42078399658203,86.19267090144453,84.17468796727434,85.57251161128087,230300
86.33047485351562,86.42891926292478,83.63326476334375,84.38139871538007,189600
85.0999984741211,86.35017042858928,84.93265498738262,85.52328391780063,262000
85.69063568115234,86.6159515933227,83.94827168404424,85.38547151467465,669200
82.81622314453125,83.67263992748039,81.52668250893015,83.26903888290832,253600
83.43640899658203,84.24360376050454,81.54638557717941,83.55453029699395,182900
86.26155090332031,86.57655342333979,83.977780755616,84.3518514114377,174800
89.2639389038086,89.51988083946397,86.12375162905805,86.27141072694592,226600
89.21472930908203,89.7659895184182,87.57080964556798,88.37800431647494,155500
90.32709503173828,90.43537789304449,88.61426114030662,88.88989502106672,184200
88.62411499023438,90.38616374199776,88.11223847224589,89.28365065138013,367500
88.81111907958984,89.72659643194514,88.02360893403029,88.83080345361482,345500
86.37969970703125,90.38614245855973,86.36985376373761,89.51988720507534,205300
87.46253204345703,88.40753994586949,85.75955163430147,87.42315577540793,191800
83.97779846191406,88.05314770966845,83.79077060482182,86.93095052609864,183200
84.0860824584961,85.10984275602014,83.38717069494926,84.73577952645054,202700
84.07624816894531,84.51921800237785,82.57013421271463,83.54467986267352,231300
87.0293960571289,87.2361158030533,84.37155465898502,85.25750179169965,346700
86.09423065185547,87.86612499823437,85.86782651941814,87.34440263798238,131700
84.50936889648438,86.07454343587216,84.36170978744714,85.8284474242282,179300
84.1254653930664,85.00156665278809,83.26904851109201,84.11561944906539,267400
84.13529968261719,85.4346862313341,83.3674813825009,85.00155487834388,131000
86.02532958984375,86.25174124707196,84.34203360783788,85.68079664210951,212500
87.05892181396484,87.48220722684214,86.30094194171181,87.37392438794885,263600
85.8776626586914,86.52735973842584,85.62172821236055,86.3206399885797,94500
86.62579345703125,87.12783140834654,86.1139170729333,86.24188429139429,100500
86.19267272949219,87.41331446813021,86.01548328422247,86.8719001880686,110400
84.8932876586914,86.13361380028697,84.3026586661119,85.38547973755018,207100
83.83997344970703,86.23202658401134,83.51512496610019,84.39123353074523,124400
84.47984313964844,85.45438129552402,83.64311815691669,84.35187591037335,106800
83.94828033447266,85.09016957004583,83.44624230778065,85.09016957004583,153500
83.43640899658203,84.84407873845056,83.25921953570852,84.11562900471746,134900
89.80535888671875,89.88410390178622,84.13530473788121,84.2534260156095,200600
90.38615417480469,90.68147242986042,89.09661331558873,89.09661331558873,179000
92.55178833007812,93.12273290161029,90.84880806945351,90.84880806945351,207000
90.7306900024414,93.0538373175894,90.3172504404885,92.85696348149432,103500
92.36476135253906,92.79788524697308,90.10067493199067,91.00630649610818,111400
92.50257110595703,93.64445270758452,91.93162655001612,93.34914199641995,190000
93.66414642333984,94.73712146228742,92.14819404361445,93.51648730974723,160600
93.52633666992188,94.85525372029191,93.0735208792164,94.15634190136034,196800
91.20318603515625,94.40243427835746,86.5765763772972,89.71676397928998,343400
91.7938232421875,93.00461906774953,89.6380195209392,90.35662326477367,172300
92.51241302490234,93.98898904725377,89.21472056678097,92.57147366251512,333600
89.93331909179688,93.35897106325056,89.69706904451645,93.35897106325056,189500
89.25409698486328,91.1834887562164,88.47643271049961,90.78974115776991,194700
89.33284759521484,89.79550927475906,88.21065044112005,88.75206464276836,148300
88.3484878540039,89.83491019820757,87.26566666369405,89.30334179345415,184000
87.82675170898438,88.92925710829697,85.03109692446723,88.92925710829697,328400
88.28992462158203,89.40353160901016,87.79718029615202,87.8070372878915,251500
87.9942626953125,90.23131812010114,87.67890669889559,89.34438454927111,196700
89.28527069091797,89.47251594145446,86.41750261292339,88.4377498456331,270400
90.07364654541016,90.46784343226075,87.95484485743341,88.80236553262411,406600
86.61458587646484,87.97455733448643,85.1067896359303,87.41282917588178,328300
87.46211242675781,90.25104694299033,86.7624164295855,88.57571182755072,170000
86.4175033569336,88.38848068504296,84.91955637710865,86.7131454449409,220400
87.30443572998047,90.44814692353332,87.25516580878237,88.68412134111637,297800
85.79661560058594,87.89571065322525,84.50562823412375,87.20586427888178,213300
85.20533752441406,86.31893685819465,83.9242069447753,86.31893685819465,206800
87.58039855957031,87.96473861727007,83.69757000685811,86.2007126382126,216300
91.1281509399414,92.11363974427744,88.20124798807416,89.40354553235336,106900
91.75883483886719,92.61621254061436,90.00466651181071,91.3843519155825,150800
86.63430786132812,91.81797256922225,86.17112700871323,91.64058431755444,184900
85.52069854736328,87.67892096317387,84.83085954256053,87.67892096317387,165900
84.1213150024414,85.84592020630338,83.28365112144486,85.14622414012122,200200
83.79608917236328,84.69288735079465,82.15032511859856,83.18509109083769,256400
86.23025512695312,86.38793691672385,82.14047580862417,84.03261217378346,256000
83.6975326538086,87.40297125553624,82.87957545249222,87.22558303740354,288300
85.12650299072266,88.53629266168268,83.64827008326525,88.53629266168268,1114400
83.17524719238281,84.43667151642529,81.42107852184361,83.41176237347027,311100
85.91490936279297,86.6441689311787,84.65348496817471,84.79145279141842,208100
86.91026306152344,87.19605572689171,85.05753923343713,85.49115672829701,139400
87.75775146484375,88.10267092640898,86.42733601230877,87.17630935647922,115000
89.26556396484375,89.56120604944071,87.22560275452958,87.9745687171206,103100
89.09803009033203,89.63018733076585,88.18152536941368,89.42323562200124,121100
91.20697784423828,91.47305647233303,88.77281966829608,89.34440489152983,148800
90.9408950805664,92.8231820868202,90.63539599274425,90.92118861499293,251500
89.73857116699219,91.6208576172101,89.61046038190398,91.07883599052961,137600
91.47305297851562,91.47305297851562,89.43309184543317,89.9061296890338,193500
91.55189514160156,92.31071807774289,90.29047089941874,91.95594156979377,108900
88.12239837646484,93.09911935434467,88.12239837646484,91.4336410335173,175700
90.46785736083984,91.65044068478385,88.35891233797481,89.7681538316454,157600
88.27021789550781,91.14784294301778,88.2603609037975,90.04410046927791,186100
87.50153350830078,87.82674655008579,85.63896065979584,87.81688955887618,148700
88.94034576416016,89.22613835916209,86.36821992782401,87.57051721759724,125300
90.89163208007812,91.70958204061255,87.84646788732034,89.64005713839762,203900
90.79306030273438,93.9170648201448,90.14264174868822,91.93623066618929,247100
92.36985778808594,92.64579341700082,88.7925290482311,89.6794703688018,191700
87.80703735351562,92.1530459160236,87.79718036176877,91.73913496815494,243900
84.86042785644531,88.68412109385193,84.42681044649343,88.57571674136396,314800
83.87493896484375,87.78733007856594,83.72711416473211,84.98853842414566,161600
84.62393188476562,87.33402627441986,82.80077146223334,83.2245319766357,282600
86.72300720214844,86.92995893072988,80.19906918089758,82.74163187835339,263000
82.9682846069336,85.3137446824661,82.45582634320581,85.3137446824661,229700
84.87028503417969,88.73339872811249,83.6088532496164,84.88999149891085,229300
78.09011840820312,84.8702851223859,78.09011840820312,84.4662311675011,441200
80.7115249633789,80.7115249633789,76.66116585859825,78.01128806641914,224600
84.92940521240234,85.09693646471838,79.82457412211724,80.58339701234237,244900
85.14620971679688,85.86561212665434,82.80074222489809,85.35316140396193,417000
85.24475860595703,87.14675178658284,84.81114124290839,85.14621125581348,296200
82.6529312133789,85.76707126552257,82.57409032125342,84.82100311606065,205300
81.49005126953125,82.88944321745132,80.94802955514199,82.88944321745132,197900
81.84483337402344,83.4413201357435,79.98226047289567,81.67729459345203,349700
82.47554779052734,83.44132246018097,81.68715386051146,82.02222391230681,342300
84.42681121826172,86.34851860555754,82.69235659996248,84.05232823631383,318900
84.34797668457031,87.65921941465804,82.02223020191286,82.02223020191286,483200
80.86919403076172,85.16592503030871,80.44543362194965,84.15087295118903,273000
81.08599853515625,82.49524749445415,78.4054684152038,78.4054684152038,208700
86.95951843261719,86.95951843261719,81.42107690025462,82.72192164835096,252800
87.81688690185547,87.95485469989022,85.16592024777998,86.1119883708816,196800
85.2122802734375,87.66890165934092,85.07415746633473,86.90921869314717,115400
85.17282104492188,85.93249653309607,84.0283662525121,84.9064359517687,131700
82.49913787841797,85.9522229428796,81.53227074843235,84.2552770782894,119100
81.70985412597656,84.79789590252673,81.36454714251691,83.59425549262848,200300
85.08403015136719,85.25175717861856,78.38504294200818,78.70075333576146,279300
86.85003662109375,87.17561507741048,84.03823978728883,84.84724813117532,234100
84.6992416381836,87.80701968294956,83.30814557753783,85.5674506951073,351500
83.95928955078125,85.28133165543186,82.89376442651854,84.91628854976938,202700
87.15586853027344,87.4518502783106,83.94943221076123,84.26515008980275,125900
85.2221450805664,87.79716079888361,84.28488205297367,87.79716079888361,121500
81.22642517089844,84.45258977347149,80.6443297982108,83.979028056258,196200
80.14118194580078,81.79866322811074,80.02278773737551,81.22643584474842,219500
80.5654067993164,83.06149266405909,78.93752242274971,80.27929314901203,229200
85.08403015136719,85.11362682466756,82.26236521407814,82.93325074169503,216800
82.85432434082031,83.86064881465941,82.21303552092945,83.25882473276035,206400
82.36102294921875,83.94943530571717,81.90718224492913,83.94943530571717,150300
77.36884307861328,83.12069856633147,77.07286884628643,83.12069856633147,187100
81.63093566894531,81.88745268857787,77.18139396046008,77.92134082210386,140600
84.8176498413086,85.1530888307824,81.99598499461425,82.46954680647482,164600
89.05014038085938,89.20799179717258,83.31801357653039,83.94943429604066,216800
89.3559799194336,90.45110184262381,86.97828799240703,89.17839237710199,467200
87.59983825683594,89.33624889852693,86.50471636327617,88.59630208002051,131800
88.00434112548828,88.95147970419193,87.10654287407863,88.22139340281085,122000
85.46880340576172,87.09668820901314,84.92618015609767,86.9092325720972,128300
89.01066589355469,89.05999116262998,85.11360833446709,85.86342317941386,142700
88.6061782836914,89.63223895668382,86.97830101687026,89.5927742161307,127400
87.51105499267578,88.55685178512316,86.1298267279652,87.66891395271671,126200
90.4116439819336,90.97400332088488,88.852820717076,89.08960914294005,270900
86.06075286865234,90.23404878672775,85.78449972853235,90.23404878672775,130500
84.92617797851562,87.32360634765344,84.72885427968217,86.46526519376923,204200
83.79158020019531,86.16927212450668,82.94310722414967,85.29120247929431,204600
85.17282104492188,85.75490898003693,83.86064676549205,84.54140030674026,229600
81.9466323852539,85.54770801779065,81.45333455962222,85.54770801779065,167800
79.41109466552734,80.9600497866537,78.92766482606373,80.71340083407225,236100
80.00306701660156,81.12779339547394,78.57250580975781,79.69722466149999,286000
76.1948013305664,79.7366768433619,76.08627518415098,79.71694823816321,216000
74.50772094726562,76.53024560445438,74.01442298474441,74.77410606221963,234200
75.02074432373047,77.49710184933528,74.85302484694986,76.22439238463309,219200
74.68529510498047,76.39210906077935,74.6458378989374,75.56336471843889,161500
72.98836517333984,75.21806640164107,72.87983902636343,74.85303075011048,124500
74.68529510498047,74.79382123941944,72.27800659855804,72.27800659855804,149400
76.9051513671875,77.25046597173048,74.82343330847237,74.82343330847237,161700
78.92765808105469,80.04250854168349,78.34557021572836,78.34557021572836,200800
78.53302764892578,80.65421021819398,78.01013305613317,80.01292141439723,234200
76.07638549804688,78.15810276641207,75.55349104689742,78.09890944050893,157600
77.57601928710938,77.74374628127964,75.23779223199777,75.76068676285179,198700
75.44498443603516,77.39843996713248,75.39565163361065,76.93474624913482,243900
72.8502426147461,76.05667950857394,72.34708409094047,74.82343454940938,177400
76.52037048339844,77.3688435028868,72.89956557879626,73.78750333490372,169400
75.49431610107422,78.3949104997485,75.0306223438301,75.65217506049053,198900
76.77687072753906,76.86566824730669,74.03413611255823,75.21804784386038,157500
77.67469024658203,77.96079640323788,76.15533181913818,76.49077077639184,151300
82.3215560913086,82.82471453057441,77.5661646288479,78.32584008411678,303100
78.62181091308594,80.90084448941171,75.65215585533011,80.39767859291844,269300
77.62535858154297,79.06578755995338,75.6127022271928,77.86213946819339,181200
74.300537109375,76.73743026179169,73.54086155490778,75.74096626449632,199100
74.75435638427734,76.06653053335066,71.25194600123316,75.34631985375248,255300
73.26461791992188,76.89529134502212,72.99823279617372,74.60638902444565,155900
74.89250183105469,75.20821223250896,72.04123262378586,72.67266095382412,165900
78.4541015625,79.02632898303483,75.98761184688013,76.37239116747574,174400
76.3427734375,78.06931593243041,76.22438676949521,77.35897334301794,145100
79.79586029052734,80.2102362196032,77.74374688354072,78.1778438882406,154300
76.36253356933594,79.9932072295321,75.9580255874994,77.97068237461004,307600
75.57323455810547,78.12852151926896,75.20819894017382,75.90868103437411,293300
74.55570983886719,76.98590693677725,72.00696378363203,76.98590693677725,304200
74.94098663330078,75.79056867556868,73.7061298901169,75.21759333785918,269100
73.74565124511719,75.42505351571688,71.78963471410658,74.14080693730769,224200
75.37567138671875,75.86961416766194,73.30110567718238,73.30110567718238,121400
78.14173889160156,78.35907490014323,75.33614778452765,75.33614778452765,120800
81.22394561767578,81.32273265858156,78.82338359252181,78.89253527485266,140200
80.47313690185547,81.08562851081662,79.00118989200763,80.67071848714946,196600
78.87277221679688,81.32273149585917,78.00343571750018,80.9374567659575,108600
81.39186096191406,81.39186096191406,78.28990203927727,78.87275068908154,170600
79.79151153564453,80.72012635258521,79.07035931408004,80.41388424783605,95300
81.22394561767578,81.55982306414903,80.23606013468185,81.11527761158901,146200
81.22394561767578,81.61910131826697,79.70260106942897,80.33484717558763,120800
79.04072570800781,81.22395188957108,78.5862992551772,81.22395188957108,98700
78.67520141601562,79.67296789149938,77.82561927443037,78.33932396034942,189600
76.33390045166016,78.19112980079747,76.15608078072079,77.70706807206092,103300
73.03437805175781,74.57547707764512,71.92794353701113,73.94323093692374,198700
73.24182891845703,75.89924327272821,72.64909913757376,73.60734925953629,149600
73.37025451660156,74.74342232832471,72.72813495587921,73.99262722008774,195800
68.4900894165039,72.47126595555905,67.81832711339263,71.36483171015026,214100
69.33968353271484,70.41647507698424,68.98404416065185,69.06307680710319,379500
71.39448547363281,73.64687086156994,69.75459937775712,70.88078830324136,138600
70.99932098388672,71.473501718937,69.48785010637584,70.03119004962814,167200
71.33521270751953,71.83903643457333,69.92253610822752,70.88078627140042,185000
73.04425811767578,74.45693471965978,72.36261469371398,72.55031535526135,548000
74.10128021240234,74.44703856817011,72.49102231173588,73.80491160062031,215700
72.45150756835938,75.06940523941755,72.42187221393073,74.52607282196925,151300
71.75011444091797,72.8763032026283,70.02131497761222,72.3626061069403,157300
72.09587097167969,73.65672398427509,69.00378522500867,70.78198174184716,233600
68.5098648071289,71.57230865770224,67.72943427921068,71.57230865770224,253200
72.23417663574219,72.26381198915016,66.73165575631333,66.96874612054393,336000
72.73802185058594,73.33075930401533,71.0092218643464,72.37250896287026,220600
74.11115264892578,74.64461162082651,72.79727091456114,73.62709095731775,122000
74.01238250732422,74.45693552045951,72.64910318170666,73.83456280946379,109000
73.20230865478516,73.82468129763708,72.42187826279005,73.34061201164832,87200
73.24182891845703,74.3482633698824,72.44164409111302,73.49868125372808,110500
73.94322204589844,74.13092268718866,71.83902881841169,71.90818049620795,87500
74.28897094726562,74.3976389323483,71.8093842908397,73.67648688985416,141300
76.1264419555664,76.45244592692539,74.20006855565788,74.85206896140883,147500
75.32625579833984,78.45785046003483,75.18795245622483,76.98590344068685,127500
79.6927261352539,79.99897578329677,76.14622060065706,76.14622060065706,216300
82.82430267333984,82.9922489079887,76.14620325110434,79.89028956636108,250500
85.06681823730469,85.12608895354438,82.76504328840184,83.22935066419411,184000
82.83419036865234,85.26438758007876,82.29085791370915,85.26438758007876,162600
82.67613983154297,82.80456223311747,81.00661092623345,82.77492687405936,122100
82.02412414550781,83.32813258139969,81.7672718293112,82.29085742612634,145300
85.7780990600586,86.47949685478564,82.07352846588667,82.58722560534585,169100
88.16877746582031,88.50465490508836,85.10633404162799,86.13373582633812,136900
88.40587615966797,88.87018357618648,87.18090018246947,87.68472392560324,169200
90.32237243652344,91.28062258666885,87.2599288644176,87.72423625980504,226400
89.00848388671875,89.89758236253309,87.98108204099645,89.14678725662671,152800
91.74491119384766,92.82170256096188,88.71210360219338,89.3245876690045,260600
92.96990203857422,96.81277590787849,90.02600002633403,93.84911950253526,397000
93.10818481445312,93.52309481058991,89.56168038462256,93.34527516410753,290000
93.34530639648438,93.84913015291976,91.73505561348517,92.8612445723627,169600
89.22582244873047,92.30802807369388,88.76151503497007,92.14996276817178,184100
92.95013427734375,93.34528994732663,90.91509275183802,91.77455576877824,151200
92.55499267578125,94.59991531000944,92.45619809858812,93.7305712673054,101500
93.84912109375,94.26403118866054,92.0017725231224,93.17735866233707,251200
94.30353546142578,94.78759717696302,92.62413336598883,93.64165407979792,137100
95.2519302368164,95.59768869847454,93.02918757862516,93.87876981982467,157400
93.88863372802734,94.44184716616829,92.66365788487188,93.76021133330686,95900
96.8226547241211,96.8819254390828,92.90074829550787,93.37492908913718,105300
94.05375671386719,95.32943152714724,93.27252915171897,95.32943152714724,101400
91.58150482177734,93.2527386595532,91.06727554338553,92.54073353234301,82800
92.32317352294922,93.27251115660616,91.96717096724477,91.96717096724477,99600
92.5209732055664,93.34175750628734,91.65074870333225,92.42208525787315,61300
95.05253601074219,95.24042082341964,93.02529939680784,93.02529939680784,97100
89.62349700927734,95.68542452699977,89.55427470286828,95.50742323270995,157500
90.00917053222656,90.55306550371341,88.26872171280063,88.72361225955963,179000
88.7730484008789,91.44306785076435,87.89293297424972,90.76072828946046,120500
88.79283905029297,89.73228581790015,87.88305791086992,89.73228581790015,151300
86.14259338378906,87.3193801558878,84.16480454714079,87.3193801558878,188500
85.62837982177734,88.0709506917575,85.0350445705083,87.22050073189396,96700
85.15370178222656,85.35147765456726,83.16602182313908,85.35147765456726,153600
85.14380645751953,86.53815118502982,83.6802469683586,85.23281087687779,142300
86.10304260253906,86.52826753334674,83.56158407506055,84.26369825482834,137000
87.64569854736328,88.54559597620089,86.73591760774583,87.3094781088952,102300
88.31816101074219,88.90161266009959,86.65681803115845,87.87316152562718,148600
83.97691345214844,85.84592332722356,83.7494719575374,85.7074787101562,115700
84.81746673583984,88.99060218146336,83.08690158955196,84.34280166358486,137300
83.43303680419922,85.12404559767391,82.66169270931594,84.20437335441574,121500
83.3934555053711,83.52200904424626,81.51455488556616,82.07822431704119,322600
83.8582534790039,84.32302753908746,82.32546404351058,82.45401760761888,85600
83.06713104248047,83.80880185535976,81.92000989712099,83.06713104248047,97700
82.3847885131836,84.73836196987405,82.22656933536055,83.62090649012929,100000
80.29822540283203,81.94968484937124,79.34888764706052,81.94968484937124,92800
79.03243255615234,79.37854406058779,77.73698340612327,79.06209817872325,117400
77.84577178955078,80.1894467917611,77.717210683326,78.78521849288977,126600
78.34020233154297,79.3488711293722,77.47986163290608,79.02254176648478,115900
80.16967010498047,80.95089759997087,77.37109709343241,77.46998502622465,164900
79.19064331054688,79.56642036182487,77.59852316633041,79.23019998089141,126900
76.5503158569336,79.7345493514558,76.28331015532137,77.72709501231553,207200
80.68388366699219,81.18822188094585,76.83708537913263,77.72709177297293,150800
83.07701873779297,83.76924178393945,81.7716784617272,82.96823975273205,163800
82.85946655273438,83.0374678548376,80.75312409840106,81.73212748763589,191000
82.22657012939453,83.57146710487189,81.96945547520065,82.85946193612912,177300
77.212890625,81.10913014022414,76.77777459546219,80.8816886118144,198400
74.68131256103516,77.76666625099952,73.63308675984212,77.76666625099952,186600
72.67384338378906,74.83952441608281,71.47728213034472,74.04840592132145,295300
70.92352294921875,72.7035287282708,70.3697443794693,72.7035287282708,146800
73.03974151611328,73.2572994928341,67.24481968660604,68.72816129734,323500
69.94451141357422,74.0978653021755,69.52916998898105,73.68253142224864,129300
70.40927124023438,72.13983626764555,70.00382849989515,71.48716995196187,191500
70.88394927978516,72.45628771854413,70.21150080130994,72.1695149883795,187600
70.4686050415039,70.60704963032566,68.63915222236145,70.55760190089036,160000
70.09282684326172,72.3771778579747,69.58849617108548,71.07183765442369,238900
73.83085632324219,74.54285392284233,69.94450119801485,70.55761087083707,248900
73.3660659790039,74.24618124782047,72.16950485560906,74.14729333288932,230400
75.04719543457031,75.9866420969813,73.55396277762337,73.55396277762337,223700
75.17574310302734,77.46997763024123,73.81107165358057,74.98785831205895,199500
75.66031646728516,77.1634327113397,75.11642150202462,76.20420388787979,124600
78.14244079589844,78.4193375959891,75.64053889481491,76.21409952086033,249600
77.77655029296875,78.6764403226156,76.14487293541943,77.76665923592522,223900
78.89398956298828,79.210435451305,77.52931808424714,79.03243416758528,202300
79.3686752319336,85.47015252845095,78.26111066818665,79.11156054764716,721200
79.54666900634766,81.06956730792538,78.36988224043176,78.79510713986365,296500
82.07823181152344,83.47257647939946,80.76300050310105,82.37490313714201,250700
81.29701232910156,82.6221348234771,79.71478270830433,82.61224376640982,209200
81.82113647460938,83.70992876780916,80.55535260329938,82.37492257680775,157500
81.0596694946289,82.18700842805376,80.32788980241708,80.77288923336609,108800
86.50846862792969,87.11168715366601,83.90767203253205,85.88546044835915,204000
91.36394500732422,92.28361702053125,85.5294670495949,87.08203081977614,394800
89.1092758178711,91.85840106834027,88.86205221556753,90.73106204540925,155100
92.24407958984375,93.77686911323494,90.29595617890133,91.10684938326318,237000
88.63460540771484,91.27495928057115,88.33794160429967,91.13651466337758,276600
87.07215118408203,87.60614749775515,85.79647655771802,86.46892502251458,302000
88.40868377685547,89.43829670430944,87.12165628767174,89.1412955898207,148100
88.59678649902344,88.88389287751068,87.1513598562303,87.87407695424913,119000
90.00260162353516,90.3392043484274,87.84436060382109,89.20068135831916,130900
91.10152435302734,91.19062997046507,90.09170852594404,90.09170852594404,113500
90.03231811523438,91.5272411649594,90.00261875776553,91.10153275033541,60300
87.80477905273438,89.29970216011804,87.24046857932751,89.20070178032198,174300
87.54736328125,88.86409010547526,87.54736328125,87.80477028561408,95900
91.71533966064453,91.86384398907975,86.25043928953093,88.16117584717952,227900
92.20044708251953,92.5667567535463,89.65609909741278,91.9034459778235,161000
91.74504089355469,92.6459616321232,89.87390595540599,90.3788176611229,141100
89.69569396972656,91.40842966822042,88.24036525175784,91.40842966822042,218200
88.6165771484375,89.84419823810512,87.35924915264444,89.28979017565717,140600
88.99278259277344,89.90359800706443,87.28005442820923,88.43837452376908,111000
90.58672332763672,90.83422803618217,88.60668565927307,89.63630615321148,125400
89.80460357666016,91.19063139395948,89.49770016865418,90.13131159029204,117300
91.08174133300781,92.19056525101263,89.3492082098256,90.27982841874473,227600
93.90328216552734,96.34862982296737,92.82416529338252,94.28938889530797,211600
92.97268676757812,95.18042488050058,92.25987188786031,93.31919190265054,148200
88.86410522460938,91.57675509856631,87.31967048890239,91.30945329900386,276000
87.95326232910156,89.25019203082506,86.68603953467183,87.45825295294972,458500
83.973388671875,88.14136663344804,83.70608693726182,88.14136663344804,207000
84.77530670166016,85.91382982662581,84.01299555289275,84.05259721108435,212300
86.0029525756836,86.90386593094091,84.89412858519835,85.51783783114571,185400
82.44876098632812,84.73570190106363,80.99343220304418,84.73570190106363,194800
82.88436889648438,83.45858156997733,81.27063354005568,82.63686421514191,148700
83.13188934326172,83.44869509333054,81.5676576477523,83.10218998438728,106400
81.92405700683594,83.47838624550053,81.20133994787993,83.11207656448939,119900
84.87431335449219,85.07231408924518,82.95367450376389,83.13187818633914,133500
84.92379760742188,85.25050557092595,83.48827360280252,84.02288457401572,105500
84.68621063232422,86.5375485419001,83.88429780645836,85.82473378413304,180900
85.77523040771484,86.66624886100885,84.98321232628813,85.57722966398026,129900
85.23072052001953,86.49795101280323,83.55759377324259,85.77523391743614,125000
90.3392105102539,90.36890986409446,85.97322421784526,86.5276398514289,159600
91.34903717041016,93.04197607308478,90.60652302312091,91.39854113486057,196700
91.76483917236328,92.56675193249455,90.29960811781214,91.50743218577115,206500
91.38864135742188,92.26975756563407,89.14130179960131,91.23024226264229,198700
93.06177520751953,93.06177520751953,90.18081662606973,92.03215466053635,162100
92.07174682617188,92.8934642289044,91.7945427754293,91.95294185303482,162500
91.48763275146484,92.77465254441529,90.93321713684244,92.25984613788378,83500
91.81433868408203,94.83389895615505,91.70543601504046,92.45785239571573,132300
88.94328308105469,91.06193020760077,87.87406854499349,91.06193020760077,142500
90.99263000488281,91.25002945022281,89.1115928058354,90.26001066685511,107200
94.79430389404297,95.35861433049915,91.95294710515279,92.03215042510138,172100
94.28938293457031,94.71509129603726,93.29936419192563,94.378488549095,80600
93.93296813964844,95.20019837454207,92.56674510222689,93.57656081627881,146100
94.30919647216797,95.28931300531423,91.39853867605838,94.72500257068526,156600
92.50735473632812,93.81417918870889,91.97274370309367,92.5865504961363,120300
89.28980255126953,91.5866459824962,88.92349285738523,91.48764560808661,186000
91.81433868408203,91.9232413531236,88.9927866981045,88.9927866981045,187500
97.13074493408203,98.54647211819778,92.19055324401823,92.19055324401823,281600
98.44747161865234,99.99189852537249,97.28914388536823,97.70495752069166,379000
98.1702651977539,99.65529335788193,97.25944218574341,97.29904384306943,230400
94.83389282226562,96.9327351996612,94.71508785829268,96.79412563173777,293500
96.68524169921875,96.86343783591163,93.73498228875967,94.49729345761892,187200
96.27934265136719,97.07136083072277,95.14081935101048,95.14081935101048,304400
92.17076110839844,98.4672821235833,91.25994550324467,97.69506856472488,342600
92.62615966796875,96.39813656073616,91.0421310446286,91.8836455426614,172700
94.64579772949219,95.03190446522905,92.69545944458109,93.20037115794628,124500
94.9725112915039,95.76452941539218,93.36867798959024,93.95279305543788,93500
97.3980484008789,97.3980484008789,94.25969056687413,94.52699987701625,143000
96.3772964477539,97.58634960265701,95.42591221789485,95.53492570307003,139000
96.26828002929688,96.41693546463623,94.49434230568755,96.41693546463623,175900
91.9275894165039,94.91057273687913,91.67983287462313,94.59344466570893,141200
91.620361328125,93.67178508420236,90.65907234753787,92.06632761653353,133400
92.24471282958984,93.72133962757371,90.17346431237505,92.78977265764588,101600
91.03567504882812,92.7204167071766,90.33204729453291,90.66899260183041,95800
92.30418395996094,93.35466936136434,91.97714348411377,92.14562369226337,172600
92.24471282958984,93.90963700939213,92.16542892556849,92.18524612110922,136300
92.6312026977539,94.11774171810276,92.33389186931275,92.60147312709547,120200
93.52313995361328,93.7808013072458,90.36176413399872,91.66991834195484,215000
93.73125457763672,94.50425376073164,92.61139019516328,94.15739612228256,86800
92.8492431640625,94.42497112606254,91.72937876650896,93.87991127571121,238800
92.17533874511719,93.43393855256959,91.60054179831194,92.81950721578312,269300
94.44478607177734,94.62317106412566,92.69066572019754,92.76994961922541,137700
93.76097869873047,96.0403417232698,93.50330979904268,94.6033493605197,215200
91.7888412475586,93.77089347225356,90.58970055892964,93.51322456598304,283300
91.19422149658203,93.35465877049272,88.43917005463516,90.42122232204204,234600
96.31783294677734,96.44666362301692,92.20507295441642,93.72134173856358,222800
93.62224578857422,94.46461654157298,90.84736942006434,93.9790158234092,299100
95.49526977539062,97.08090992647622,91.20412520953968,92.42309056498813,204400
92.96815490722656,95.3862609817415,91.84829814958316,95.14841683765235,573100
94.91056060791016,95.62410056708964,93.50330544448875,93.62223129132822,138400
96.2881088256836,98.11159339694618,94.77183239473155,95.90160165321593,147700
95.31690216064453,97.73500855741419,94.98986169335748,96.13945573802832,220500
96.1790771484375,98.3494189656018,94.98984140169108,96.37727932576436,176900
96.08988952636719,96.5160310508184,93.10689885520873,94.92047842863566,280100
93.33483123779297,97.427765994761,93.02761558986643,96.62503733486083,202800
92.61139678955078,93.08709269967386,91.12485746669488,92.72041027810128,194600
95.11869049072266,95.77276379938307,93.68169807765254,93.7708943602917,127600
95.71331024169922,96.44666749755292,95.04932451598128,96.03043831673837,110100
97.12055206298828,97.85390921660797,95.6439253782743,95.6439253782743,274800
95.3069839477539,96.88271947309622,94.23667388083418,96.88271947309622,141600
92.61139678955078,95.53492866105871,91.21405375774982,95.53492866105871,191400
90.3716812133789,93.30511784559894,89.94553964675299,92.06633510086431,141000
89.32117462158203,90.60951150312172,88.75629007895311,89.96534306235188,141200
90.81763458251953,91.00593196803183,88.58782577444842,88.58782577444842,222100
91.75910949707031,92.91861586285833,90.74826612997242,91.45189380371373,165400
91.14466857910156,92.67084962938142,90.51041250118381,92.54201140169481,121200
90.97621154785156,91.61046773442625,89.9257185955815,91.61046773442625,76200
90.33203125,91.96722584027025,89.1626201402055,90.44104472674663,76600
90.41132354736328,90.90683664733344,88.7761288052758,89.95544484177246,123200
89.72750091552734,91.4717089086031,88.8157587495057,91.00592544787303,191900
87.66617584228516,88.76621551783614,87.40850691587714,88.63738483509702,154300
88.15176391601562,88.63737212324337,86.47693503688218,86.94271848903641,199600
87.03191375732422,87.993210305697,86.68505612670756,87.95356835349376,317100
85.73368072509766,88.09232041545192,85.60484247702782,87.00219308162197,133600
84.10839080810547,85.96160484175283,84.10839080810547,85.14896371340573,155800
83.21646881103516,84.38587999556735,82.76059767956392,84.38587999556735,156700
84.28678131103516,84.5741722553373,82.27499177441108,83.44440299252449,159100
85.72376251220703,85.7336748908294,84.34623675994882,84.405695909824,191000
86.6949691772461,86.93281333138049,85.77331457392978,85.77331457392978,139900
86.71477508544922,87.25984241035766,85.71383670740295,86.20934970789123,201200
86.67514038085938,88.30042255339873,86.09043862066989,86.89316732904156,222400
83.29574584960938,85.70393954961142,82.20561110238,84.79218980093512,336500
86.13998413085938,86.39765302594323,84.08856046979966,84.3363169871302,165600
85.61473846435547,87.13100708648467,84.67326675651522,85.85258259543315,146700
84.1678466796875,85.18860234935211,83.83089387518835,84.78228558146296,109400
85.03004455566406,85.49582048326792,84.0588356262833,85.2778010869324,109400
84.78228759765625,84.93093546692562,83.49395061717385,84.51470631111287,135600
84.63363647460938,85.22825066473555,84.07865667768591,84.78229191237332,80500
86.45711517333984,86.8931690784834,84.79219101661712,84.86156254144186,152900
86.92289733886719,87.18056623900799,85.27779796318902,85.69402710585022,127300
89.79688262939453,90.18338223409485,87.28958760779976,87.50761457679577,131700
91.53117370605469,92.16542982253976,89.58876340420301,90.00499256297209,99600
92.03713989257812,92.74153775410105,91.27322600533951,92.74153775410105,155700
92.73160552978516,92.77129044549146,90.99543020553385,91.72958222329119,116400
92.55303955078125,93.61458658800404,91.84864923347685,92.27525267287244,159600
92.07682800292969,92.24549080936232,90.8267870532214,91.63038588790883,202400
97.16630554199219,97.29527585575941,93.24750482608927,93.8427634906585,210400
99.85489654541016,101.005728955582,96.33293745852409,97.22582924088776,353800
98.36675262451172,101.34305371711947,97.69212407408895,100.82715728902409,246200
97.37464141845703,98.07903169031789,95.56901925941425,97.29527158156797,564600
96.83890533447266,97.51353380254528,93.96181311565925,97.20598514930417,232500
98.55522918701172,98.7834155610002,96.16427166637604,97.30518839807094,166300
96.1047592163086,97.73180311006566,93.72371697181973,97.54330163010155,193000
99.73583984375,100.00371115780833,94.92415500409007,95.51941365770661,203200
106.00591278076172,106.0257590249547,100.38070604283304,100.38070604283304,413700
105.25191497802734,105.78765003704385,103.7637645593563,105.58923300887082,187800
104.22013092041016,105.93646005870669,103.37683967987684,105.93646005870669,136100
106.36308288574219,107.3254214839883,103.28757316216856,104.15070323432364,154600
107.89089965820312,108.1290015932665,105.89677608309678,106.88887630983888,129300
106.51188659667969,108.35719372180296,105.53962499250072,105.53962499250072,231700
106.15473175048828,106.97817681336701,104.60705770970384,106.09520815480414,199100
106.74007415771484,107.00794549377167,104.74595788279208,106.97818369401537,675500
106.96825408935547,107.95043126742405,106.27378690670588,106.65078229598356,172400
105.50987243652344,106.98809986287617,104.86500568463799,106.07536934251912,138000
104.88484191894531,105.95631202880527,103.91258032241511,104.97412731020478,202700
104.26973724365234,105.92654288400813,103.37684548356933,104.88484213818163,330400
104.40862274169922,106.20432924748818,104.27965244081473,104.42846898437304,164300
107.71233367919922,108.01988236267388,104.19037444232043,104.95429594331382,124300
108.13893127441406,108.55561157833111,106.45236381429778,106.92856771331024,125400
109.66675567626953,109.70644059207947,107.61310859012814,108.92268053536142,140000
110.56957244873047,111.99819926462315,110.23226198893603,110.23226198893603,124900
110.49020385742188,110.98625396576585,108.82347519062117,110.22233256020671,61800
107.83138275146484,109.6370049733057,107.75201291181537,109.37905677900714,134000
106.71029663085938,107.34524016249854,105.38088597684111,106.1348842590841,120000
107.05754852294922,108.82348587090873,107.01786360209202,107.26588868060598,166500
108.91276550292969,109.03182025920157,106.87896450820753,106.87896450820753,138200
109.34928894042969,110.46043635763914,106.91863882703583,109.2004723915894,164700
113.48635864257812,113.7839917757831,110.27195562193951,111.34342581852738,301000
117.07775115966797,117.25632950520267,113.78397867356894,114.3593910588482,278700
115.6689682006836,117.29601962613191,114.7959226777444,117.16704174528189,172100
119.34966278076172,120.05405304806706,115.90707371148656,116.03604401875401,239200
121.15528106689453,121.34377496087437,118.34763563985696,119.21076555240576,169800
118.67504119873047,121.13544571620807,117.10752090037599,120.71876540473399,181200
115.50030517578125,117.98055571246677,114.13120960441547,117.49442872663111,219400
115.9566650390625,117.8515799952153,115.2026743603185,116.58169298983212,231300
115.3713607788086,117.05792849481534,114.73641710437366,115.74835622015257,91600
116.6511459350586,117.37537485850669,115.14314935870608,115.14314935870608,166600
115.99636840820312,116.89918333889041,115.18284644288455,116.2047085685637,157700
119.27029418945312,121.25449470481485,116.11541506726302,117.88135231487506,331300
120.20286560058594,121.80013998205236,119.22068093863666,120.8874096014647,152100
124.19112396240234,124.40938725370776,120.33185414904763,120.33185414904763,335400
125.03440856933594,125.38164218542552,122.0283456557066,122.4847109181565,236100
122.20691680908203,124.32008775003945,121.67118173198197,123.0204387626507,389200
121.64141082763672,123.75458161040301,120.09373687795572,121.49259427806182,328600
112.00811767578125,118.70479423993719,110.70846122521475,118.00040398370605,344100
114.85545349121094,115.70866039255675,112.75220560623049,113.57565070831714,216500
114.12129974365234,114.79592827078667,112.4843326854018,114.09153794481367,158800
112.93077850341797,113.73437732100935,111.89899328734563,113.47642912471012,96800
112.79188537597656,115.52016119727224,112.15694179036862,113.39706716368484,101100
110.97634887695312,112.83157930850332,110.76800870589003,112.01805730139378,190800
112.2363052368164,112.47441476075579,109.66676906958251,110.62910758041131,118700
112.07757568359375,112.26607716873734,111.03586730765522,111.68073403708742,135600
110.86720275878906,114.10145168793045,108.95244897661055,112.04780447650576,195200
109.01199340820312,115.05388901188152,108.93263112569451,111.56169123123021,106900
110.60078430175781,111.55406724564284,105.74499528158313,107.56219444462306,144600
112.26904296875,112.9641503957981,109.78653267790718,110.71002680914151,138300
112.64636993408203,113.75852950372092,111.7625970292002,113.55993174514794,112200
114.52315521240234,115.45657383761461,111.86190414116298,112.7357449496224,96400
111.59379577636719,115.4863775275098,111.34554475638201,115.4863775275098,135900
111.73282623291016,112.8549257972582,109.77661437560032,111.97115268920851,106700
113.14289093017578,114.31463608521679,111.8420503919395,111.8420503919395,113300
116.65811920166016,117.21419904568761,111.49449359276353,112.90455752641581,122300
117.30357360839844,118.46539418300985,115.97295172816987,115.98288389062508,87600
117.24398803710938,118.69377304292408,117.12482482358308,117.24398803710938,185600
117.32342529296875,118.84272021605727,116.75741331032754,117.65111843450296,115200
113.45071411132812,117.36315254089412,111.49449489654512,116.19140744440591,173500
113.54007720947266,116.26091370774297,112.46763861432079,113.3613437569636,101100
105.000244140625,109.25030018211213,103.98738336222237,109.25030018211213,598100
103.38165283203125,106.95646591689857,102.19997558157029,105.70527868558811,1879300
103.50081634521484,105.45702797649574,103.14333427809291,105.10947807124379,382500
102.74613952636719,105.15913988839627,102.19005963257294,103.42138264426892,254200
103.61995697021484,106.74792081631524,102.00136331683184,102.01129547726276,239700
105.92374420166016,106.26136953096055,103.02417408423304,104.42431348418062,364000
103.84835815429688,105.14919094511924,102.3389878605615,105.14919094511924,645500
102.70640563964844,104.3249994577583,102.12052933089666,103.17311873915763,305000
101.06794738769531,103.78877626624887,101.01830173257996,102.61703122605115,148100
100.12459564208984,102.22975928403108,99.73732468622256,101.77297835085479,122100
99.55858612060547,101.28641101067865,98.66488097883676,99.1713151551756,247700
98.92305755615234,100.84948009335567,98.62515333674017,99.91606151950093,157400
99.80683135986328,101.05801091001074,98.15844112964177,98.33718214766556,112200
97.99955749511719,99.43941012235136,97.25480456875086,99.42947796204794,136100
99.3897705078125,100.22389783910222,97.99957091569557,98.97271063017742,266200
101.64388275146484,103.28234074908245,98.97269975883988,98.97269975883988,297600
102.39856719970703,103.70933207416327,100.11465514790329,102.78583812334055,236900
101.51480102539062,103.82849455962646,101.27647461353986,102.53759392085448,362300
98.25775146484375,102.1205367605967,97.73146051043308,101.09774376224844,248200
98.48612976074219,100.02528887765338,97.96977105226661,98.5655718931288,177300
96.99663543701172,99.42949231731464,96.7781733349072,98.91313354726549,201100
98.12865447998047,98.72445536175914,95.80502876823788,96.25187753556708,201600
98.73439025878906,99.39970113560977,95.8745414013974,97.4832030691717,129500
101.38570404052734,102.0212259766169,98.33718214909118,98.87340520317032,396600
100.52179718017578,103.16318385244364,99.77704418812752,101.28640691856356,273800
100.09481811523438,104.14626915851153,99.45929608585678,101.4055832478282,249700
94.59356689453125,100.26361904918419,94.30559481404379,100.26361904918419,407200
96.57957458496094,97.57257862016222,95.21915632936816,95.70572618533132,247300
96.97676086425781,97.88039043975259,94.603474662554,95.44753400663302,286300
94.91133880615234,95.99370969693621,93.4019682503185,95.42769763250364,219300
91.90253448486328,98.04922484589862,91.67414020344545,95.50713671891872,346200
90.24420166015625,92.92531703154155,90.19455600529056,92.18056402438219,351600
88.67524719238281,91.14782466755146,87.77161004875637,89.53915569670899,419700
90.1448974609375,92.02167432227348,88.8738536158019,89.62853873985826,279200
87.17581176757812,90.2739866088345,87.06658073440438,89.34056053481106,297100
87.78155517578125,90.23427626963694,87.25526426758115,87.85106515278845,374000
87.2155532836914,88.70505945695987,86.42114696087349,88.03974851781146,267900
85.96436309814453,88.01988124538043,84.61387694019032,87.77163022481561,239200
86.64952850341797,87.56309033715095,85.00113827749105,86.16295110360925,296700
84.00814056396484,86.77862275442149,81.2873116060905,86.77862275442149,565100
87.6524658203125,88.3773621239917,84.96142570296277,85.76576415039145,352700
91.10811614990234,92.21035118569932,89.48952237237181,89.48952237237181,344400
89.21145629882812,91.31662704782038,88.04964369004297,90.86977837552382,228800
86.92757415771484,88.61567798728655,86.32184109011122,88.54616800785759,254200
86.12325286865234,88.02981900967863,85.35863543408153,87.10632485136584,140700
84.72310638427734,87.08645332774728,84.66352856480106,87.01694334635168,155900
88.82420349121094,88.95329885800531,84.70324301133633,85.26925498014936,249600
86.99708557128906,88.44687057757822,86.99708557128906,88.42701382999384,141000
93.4615478515625,93.50126892435858,90.13497808307487,90.43288234103555,240800
95.06028747558594,97.90027228091648,93.45161807831099,93.52112806347607,430100
94.44461822509766,95.586574427105,93.17357422064491,94.35524391877402,240100
95.08080291748047,95.79651952044883,93.6294920654583,95.13050082469078,237200
96.31343841552734,96.81046307762998,93.261707293577,95.03111387722323,188200
94.86211395263672,96.13449569498813,94.01717366285585,95.52812508589982,238900
95.92575073242188,96.99932572139919,95.54801475511228,95.9555709958945,148000
95.84622192382812,96.223965473111,95.11062764026738,95.36908255546194,103200
95.82633972167969,96.37306220461039,94.82234795514366,95.21996913254345,192600
96.42276763916016,97.13848424126087,94.90187365169272,95.24978933771581,289000
96.7408676147461,99.79259834826043,96.68122708976328,97.70509654993354,211500
94.48436737060547,96.90984195028486,93.72888795202046,96.17424776018481,224400
95.29950714111328,96.04504410062259,93.34122884736313,93.75872772452975,207400
95.50825500488281,95.78658758507119,93.62950250461722,94.41480233243102,236800
93.73883056640625,94.89192354678164,93.14239505573728,94.89192354678164,221400
94.9217529296875,96.44264694330276,94.44461357607929,94.5638946224847,230200
98.01324462890625,98.08282776601507,94.73288698578463,95.1901486844988,211100
95.746826171875,99.64349752222014,95.6374801445546,98.10272569142253,451700
98.54009246826172,98.82836764049733,96.11461762654399,96.17425815045709,223900
99.27568817138672,99.51425783625237,97.08877556080745,98.41086270825852,295100
104.25587463378906,104.76284183602243,96.54205850440111,99.13652745513383,476600
110.51839447021484,111.30369427750416,106.08493578338661,106.08493578338661,368500
108.83844757080078,110.97565492231307,107.92392410354697,110.71720000017831,782300
108.45075988769531,109.32552798651005,107.04915454099284,109.32552798651005,174800
109.58397674560547,110.57802590080433,109.26588131930156,109.34540707187583,146000
107.44677734375,111.8404806924643,107.32749629022422,109.14660819642992,304800
109.37522888183594,109.86231085126232,107.36725289685847,108.75892325064144,187300
110.08100891113281,111.14464127715249,107.11874647148643,110.19035493246142,116600
112.00945281982422,112.61582337715637,109.54420771644185,110.66748805247983,105200
111.52238464355469,112.71524067636253,110.93589165889536,112.71524067636253,138800
110.18041229248047,111.731134238257,109.82256154929449,111.25398727401952,113100
108.27183532714844,110.79672116519458,107.75493308830127,109.82255721167672,170300
105.6077880859375,107.0193437565633,104.66344435090753,106.80065171249478,286900
101.44271850585938,104.25587182861452,101.25384674101264,104.25587182861452,241500
100.66736602783203,101.43278821118635,99.82242566687759,101.43278821118635,171500
100.26974487304688,101.1643830799527,99.64348902742061,99.64348902742061,130700
102.80455780029297,102.95366668455497,99.56396314122935,100.26973710381043,157400
102.4168930053711,102.66540531785,100.67730681801869,100.67730681801869,103100
102.40694427490234,102.46659238345171,100.39896824692104,101.8304015082105,109800
101.90991973876953,102.47652747435988,99.89200109419322,101.86022182960858,181300
101.6117172241211,103.55011025998964,101.05505206181917,103.0729708591577,110300
101.96956634521484,102.59581459617031,100.41884447276414,100.41884447276414,130900
99.89199829101562,100.74688117812616,97.95360545628432,99.90194090616619,157500
102.12860870361328,102.65545354563844,100.96557300510567,101.16437980375898,159500
104.98153686523438,105.26981204399051,101.3731409909989,103.23200814560799,301100
106.9596939086914,107.8344620707599,105.975587310358,106.83047024111022,175700
107.12867736816406,108.86826344252579,106.63165277548929,108.40106669596597,158100
106.86028289794922,108.99749007270682,106.39307858718905,108.99749007270682,174800
105.85629272460938,109.32552974692095,104.92189167309259,108.95772882817924,132500
104.40499114990234,105.80660422783068,103.08290383185516,105.80660422783068,147300
106.98950958251953,107.21814422888785,103.20218466654126,104.19623383789458,145100
106.66148376464844,107.72511612095528,105.98552999533236,106.65154114898381,183000
103.56004333496094,106.97957492318176,103.3314086877978,105.97558313310654,282100
105.3592758178711,105.79665990617198,102.69522357675378,103.85826694028171,148200
105.40898132324219,106.73106862010295,103.76879857594815,103.78868380759673,156400
104.49446105957031,105.38909932738653,102.60576594663632,104.11671748658712,155100
105.96564483642578,106.0749908568306,103.62963069722004,103.8781430010503,348000
99.86217498779297,101.99938214047077,95.27960787809532,95.97544682156808,708900
100.27967834472656,101.87016309669467,99.05700210284327,99.87212212542991,344600
104.14653778076172,104.99148572015375,99.9218284197776,101.24391575760883,324400
104.93183135986328,105.56802224256701,102.009331862441,103.89801927947133,263400
99.37509155273438,103.26181966094008,98.61961209943878,100.07092290182709,254300
101.73099517822266,102.11868135756096,99.70314141057163,101.28367605559248,219700
103.15387725830078,104.5270117891369,102.48721467410704,102.91507422349035,222000
102.93496704101562,103.9996396999789,101.45238719062631,102.69616401611664,193800
99.10414123535156,101.19368489560969,99.00464060227483,101.19368489560969,247300
98.4175796508789,98.70612920380071,95.79071592167378,97.76086182072474,390000
99.29319763183594,100.24841737275582,98.80563921636272,99.22354642962549,263900
98.89518737792969,99.48225401699503,97.16385207426325,99.3329992720522,219300
98.23847198486328,99.41259761011072,98.14891610602163,99.26334287298215,162300
98.33797454833984,99.40264722674601,97.05439593002394,99.21359071656734,427600
97.6414566040039,98.45737392651954,96.57678390765531,96.86534105227094,134700
100.6961669921875,100.94492235293046,97.88026207804963,99.41259601119562,261100
103.03447723388672,103.72103689254928,99.9101103957183,100.84542542424403,230300
102.40760803222656,103.10412761717362,101.03448113436563,103.10412761717362,267400
100.12901306152344,101.75090300146316,99.37280217035125,100.80562800038028,110100
101.900146484375,103.62152927657968,100.82552153708009,100.82552153708009,149200
105.19367218017578,106.16878898031189,102.7260155672101,102.7260155672101,199400
103.04442596435547,106.63645425128334,102.85537703811465,106.21854703570463,142800
99.93001556396484,102.71607896823716,99.81061024386905,101.85040747821971,230500
99.83050537109375,100.30811142293933,98.93498453461912,99.9300059992773,185000
97.6414566040039,99.74095256646699,97.43250300095362,99.00463878551668,231900
96.3379898071289,98.83549611758357,95.04445870669268,96.94495358287381,237500
95.27330017089844,96.62652989813218,95.0842436734227,95.38275313349904,1138700
94.89521026611328,96.9151028471506,94.79570203556173,95.82058063379284,164000
94.2981948852539,95.2932164978473,93.71113577770178,94.15889246680383,146200
95.34295654296875,96.51708217619124,93.30315950164966,93.82057491502165,172100
97.45240020751953,98.90513056831121,96.47727587666462,96.47727587666462,169300
96.70613861083984,97.46234945840992,96.10911965872167,97.46234945840992,103400
96.96484375,97.50215627989958,95.83051982846035,96.24843463487895,110100
98.10911560058594,98.50712570758573,97.16384823894639,97.78075669295526,219300
101.5120849609375,102.15885042154235,98.20861405149998,98.82553008323882,277900
101.47229766845703,102.16880969396104,100.55687210312242,101.51209184870436,210100
100.83547973632812,101.97975603147292,99.96981585059672,101.40264930478929,194800
97.69120788574219,99.06433477661979,96.44743105260298,98.68622935225355,244100
98.74593353271484,99.76085973444428,96.07927555509353,96.18872852962144,133700
96.93499755859375,101.45239630560935,96.53698742039539,100.31807234616181,263600
97.47230529785156,97.85041073521035,95.80066887301483,96.8951910055053,185300
98.54692077636719,99.54194218050085,97.82055181112884,98.089211841435,170700
100.24842071533203,100.36782603370773,97.54196089677855,99.18374796523759,124600
96.03946685791016,98.29816979693463,95.44245550716133,96.60662877983322,192700
99.1837387084961,99.26334224665055,95.7210607128895,96.38773085566903,156500
96.03946685791016,99.4822477497645,95.24345425404879,97.61160256829731,125400
94.3777847290039,96.91509250916971,93.66136805736126,95.97976989992388,117800
94.4772720336914,95.00463971418573,93.0245418061396,93.43250419439573,123600
91.96984100341797,95.31311397631784,91.90018979945805,94.99470738801365,197300
90.35790252685547,92.89521045977602,90.25840189233956,91.3031775332861,198100
89.25342559814453,91.06436442620681,88.67631889706962,89.36287857056135,188000
90.57679748535156,90.8852516923408,88.91511355721919,90.30814504562075,121700
92.6364974975586,94.37778507304432,90.64645455414633,90.64645455414633,171800
92.3777847290039,94.15887397676185,91.6912251132951,92.46734060408563,140300
93.3131103515625,93.382761549395,91.42256807858034,91.49221927641284,143400
95.48226928710938,96.05938362170862,93.83053742254687,93.83053742254687,148200
97.13399505615234,97.27329744950791,95.77081295956023,96.1290212828777,141200
95.36284637451172,97.1339908255114,95.0643445123557,95.99966704821487,302700
95.60166931152344,97.16385279178296,92.3678493766655,94.51709190891391,428100
95.1539077758789,95.38276607183603,89.94994933794528,92.78575922769431,432200
97.50215148925781,98.4772758677741,95.46236203542568,97.75090685616988,259400
99.62155151367188,101.44243501975659,94.38773649767701,98.58672828216721,319600
100.93498229980469,102.38771276315518,100.03946144118822,100.36782035458285,197300
101.0643310546875,101.12402991402008,99.58175118044089,99.63149769941424,142200
101.39268493652344,101.78074268576712,100.34790940153749,101.0444289553318,160900
101.62154388427734,102.15885640959395,99.47230137442259,101.75090153882735,227600
101.56184387207031,102.59666713968471,101.24343729675908,102.48721416772663,145600
104.04940032958984,104.08920210146897,102.13896082786191,102.188707349152,167100
106.93496704101562,107.00461824576007,104.47726260138569,105.25337819465578,165000
104.93496704101562,106.8354617600714,104.7658152070485,106.63645290415863,181000
105.10411071777344,105.60162143182569,104.18869282585591,105.46231903920395,111200
107.34290313720703,107.56180905420041,105.0245091043305,105.07425561820405,225400
107.09416198730469,107.91007931879247,105.8404403552165,106.44740408135625,139500
108.46729278564453,108.61654752472313,107.1936665161417,107.1936665161417,160100
107.64067077636719,110.00103217374715,106.81404279406945,108.37766064572102,258800
109.01505279541016,110.53883224997826,108.24818612815034,109.09472942531242,122200
107.07298278808594,110.3894408362123,106.88375269103314,110.3894408362123,127800
103.88599395751953,105.97746386919344,103.87604007676919,105.1109975458319,98300
106.42562866210938,107.202456848224,104.4835581968228,104.5333503943228,214700
106.99331665039062,108.19839730592356,105.22055324641022,106.60490253820986,202100
107.77013397216797,108.03904069855523,105.86790192269441,108.03904069855523,145300
105.9874038696289,106.55508653172586,105.0512301100891,106.55508653172586,178400
109.16444396972656,109.28395891391524,106.64472945053927,107.45143442826347,145800
107.10286712646484,109.05489911200631,106.46546923724242,108.0589639602985,143700
104.96160125732422,106.96343296783958,104.09513497106965,105.82806754357878,111800
104.89187622070312,105.55915086187997,102.9995981590898,103.57724229550314,118400
105.06118774414062,106.06708428604335,102.91992583746908,103.93578385755583,137000
109.15449523925781,111.18620393745263,107.71039225397162,108.81588092208325,172000
108.52704620361328,109.51301979909105,106.4953377413325,108.4174927376289,112400
106.30610656738281,106.63476696200175,105.40976349041367,106.63476696200175,114300
108.58680725097656,108.90550619228891,105.36994099935224,106.1467691939022,192300
108.47724914550781,109.38355373270444,107.760174658579,108.8258249104366,154600
108.18843841552734,109.58274922003608,107.35185649185166,108.36770705608393,291300
108.87562561035156,109.03497887471981,106.65468697810581,107.77013703353794,423400
108.30793762207031,109.04492743788286,107.76017030049115,108.85570494364947,120500
107.38172149658203,108.28802607905357,106.71444680742843,108.28802607905357,97600
107.27216339111328,107.38171685455265,105.98740626400006,106.56505041697464,152400
107.23233795166016,108.45734155429254,104.94169161923303,108.08884280590145,258600
108.31790924072266,111.27583785740286,107.16262081737486,108.9453456509588,470300
105.39981079101562,108.03904025894501,105.07115039271592,108.03904025894501,220900
106.2065200805664,106.9235945792752,104.9317243488094,105.54920685567129,133900
106.51525115966797,107.00326480775854,105.61891568831126,106.48537432374027,91300
106.01729583740234,106.73437037574816,105.22055226020437,106.73437037574816,109000
108.32786560058594,108.6565260318237,106.97340075360881,107.22238454726487,133000
106.69452667236328,108.80591186222394,106.36587385752685,108.5170897656122,140700
110.62847900390625,110.72807099987645,107.2024596341793,107.2024596341793,186600
113.31749725341797,114.74168478543287,111.54473394749357,113.4868044009766,184900
113.40713500976562,116.00652628450233,113.29758153854056,114.54250044029638,143700
114.5425033569336,116.30530522341863,112.75977853241926,112.77969389206639,146400
119.12378692626953,119.26321721953252,115.79736004806969,115.79736004806969,206800
114.24372100830078,118.10794668409417,114.07441385513266,117.0721808068408,398200
111.59454345703125,115.85714494532985,110.42929348512804,113.66608292160689,145300
108.16851806640625,111.93315174610073,108.06892607033043,111.92319026697848,147100
112.57054901123047,112.75977912158675,108.42746273020128,109.62258187321031,262500
112.9290771484375,114.10428083673156,111.71403514547804,111.71403514547804,120800
109.383544921875,113.50671529121303,109.12459968947942,111.86342099076528,141600
108.13863372802734,110.70814807985218,106.95346854128405,109.77196666522258,214400
109.56282806396484,112.21201161385939,108.41750112090071,110.94717731566722,210100
109.69229125976562,112.11241385567797,108.70631763872927,110.56871141197773,157100
107.93944549560547,110.18029951405722,106.47542725285783,110.16038415495905,340800
115.89697265625,118.33701066103264,111.21607303296102,113.95489461311303,637500
107.20245361328125,115.47867186721129,105.90773494323828,114.02460753224192,327900
101.22685241699219,103.94575883739458,100.559577661239,101.60530505494567,275100
97.46221160888672,99.71302711127831,93.43863280576569,94.77318981988529,303800
98.25895690917969,100.06159694074384,96.19736403544852,97.27297572651308,201200
95.29106903076172,100.6491970410626,95.13171577028295,100.13131414126997,202400
99.03579711914062,99.08558931930648,96.24717556484957,97.20327242959387,278200
99.015869140625,99.50388282683402,97.08376014869741,98.52786305279805,120900
98.15937042236328,99.44412773617265,97.28295018587166,99.05571361785616,146600
101.92399597167969,101.94391892906374,98.52786118236087,99.47399650179213,261000
100.48985290527344,103.02948284607858,99.68314030901472,102.83029886583645,116900
107.60083770751953,108.37766593180665,104.12502605852977,105.4097757535385,265300
107.76016998291016,108.88558145876853,106.4256206555507,106.91362670527661,145500
108.84574890136719,108.96526384978446,107.05306266701756,107.60083001595268,155700
106.43558502197266,108.4872088608218,105.88781768714318,108.21830973178476,135000
108.12867736816406,108.56689125931035,106.73436665864755,106.73436665864755,185000
107.1427001953125,109.33375438237492,106.69452483997121,108.28802708334224,179500
110.25001525878906,111.23599650302211,106.93355706849331,107.34188651843891,276400
109.30303192138672,111.76521722476457,108.79464360400746,110.96774565261094,163000
108.29621124267578,110.2400374817758,107.23956801580619,108.89431103891798,181800
106.2228012084961,108.89432097367686,105.70445003252918,107.48878670453911,164100
106.70128631591797,108.9341959886088,106.16299416526662,106.9704285886175,205800
105.75428771972656,107.83767812901347,104.30887910675291,107.56853585679335,522600
98.52723693847656,104.30888704063625,98.40762152183717,104.30888704063625,282100
97.43071746826172,99.42438883306083,97.11173035410397,97.46062132189327,242200
96.40397644042969,97.96900813336885,96.06505596417976,97.09179548432262,207600
93.48323822021484,96.2743808488346,93.14431777808699,95.95539377172821,203700
92.55619049072266,94.44020929966649,92.15745470144694,93.72248640002073,299000
93.49320983886719,93.6028623609443,91.83845912770491,92.46647040964689,183600
96.14479064941406,96.2843470250977,91.86837261485498,93.30381070835128,168800
95.7460708618164,96.91236679136122,94.67945698000781,96.63325401559865,130300
98.3178939819336,98.48736181649659,96.97216742256467,97.04194561141335,121800
98.54716491699219,98.57706876720891,96.18466188159681,97.77959727025427,305000
98.65682983398438,100.82993195071721,97.91917355003001,100.02248986715293,160500
97.52043151855469,100.91963706248579,97.41077899082282,98.9259658022733,355300
101.43800354003906,102.04607392892753,98.82629125325171,101.48784076217161,278100
101.26852416992188,102.29527121838925,100.16204365931509,102.29527121838925,605700
100.83988952636719,101.93640712812655,100.70032555026883,101.85665845757086,166100
101.04923248291016,103.25223835469826,100.41125827593318,101.68720668988715,155900
99.25492858886719,101.90651515447924,99.09543883442021,100.51094367811777,158600
103.48150634765625,104.34875610066862,100.62059290076643,102.96315515619355,161700
104.36869049072266,104.98673133740392,103.14258688867675,104.62786989162159,147300
104.906982421875,105.17613230822865,103.28214303872169,103.28214303872169,193100
102.61426544189453,104.887049533571,101.06916712426668,104.887049533571,167200
101.38815307617188,103.63103328927585,101.25856717952787,102.17565415251424,160400
102.61426544189453,102.65413978099004,100.28166603894852,100.28166603894852,211800
105.1960678100586,105.61473696926964,103.03293621554883,104.91695503725123,183700
104.76742553710938,105.10635361362729,103.55128482444638,105.10635361362729,168500
105.31568145751953,105.76425443029248,103.85033192542498,105.0066572534796,177500
106.53182220458984,107.78782957177688,104.72754461573837,105.64463913821481,191300
107.09005737304688,107.32929580670114,103.8004965879768,104.76742841411416,281000
108.97407531738281,109.50239700650145,105.88388625640866,106.46205277120939,263900
110.7484359741211,111.43625498630468,108.92422496239644,108.92422496239644,197800
106.29258728027344,112.61252953299947,105.55493099641362,111.10730550605679,384800
110.38957977294922,113.30034570424213,107.96726879488251,108.405878922595,425500
110.6986083984375,111.51601337466138,110.18024957141579,111.08737371607734,218400
110.12043762207031,111.545912933608,109.84132485146196,111.47613474095591,273200
108.3460693359375,110.69860208061057,107.55856825905306,109.5123652222938,134700
106.37232971191406,107.70809341771724,106.18292850755893,107.42897305146934,160300
105.66458129882812,106.97043359629318,104.36869188230749,106.11315430941077,140400
107.01030731201172,107.2794572009944,105.39543839912595,106.84084707391304,133600
106.79100036621094,108.83451648927345,106.6016067644252,108.13673457689976,246700
108.0270767211914,109.08372002362128,107.4987474647244,107.50871795019603,118800
110.65872955322266,110.8281897913981,107.03024833277648,107.03024833277648,198400
107.42897033691406,110.72850137738665,107.19970240556908,109.40270819090604,240500
108.18657684326172,113.46980907285516,105.71442857673519,111.56584924344507,529700
109.22328186035156,110.90793654244075,101.43799786795562,108.02708212251758,206100
109.72169494628906,109.98087433355133,108.21647105041296,108.6052363286803,251700
111.03752136230469,111.37644943473093,109.13356924410222,109.13356924410222,175700
117.58673858642578,120.42771881827713,115.0248711345103,117.51696039144181,599400
116.9487533569336,118.05524149146926,116.1413189472327,117.63657236090229,219800
116.98863220214844,117.74622942373938,116.04164137909909,116.72945280432083,214400
116.62976837158203,117.62660399868956,115.33387901424132,117.49701810505641,225000
113.9283447265625,116.75935425682334,113.81869219916837,116.53008632154636,176900
112.4530258178711,115.13451611607339,112.24369124665397,114.32708168348557,209000
111.79512023925781,113.45983395799549,111.42628830898407,112.74211106949116,163700
109.10365295410156,111.86489181431709,108.21646988196787,111.62565340071696,192000
109.49242401123047,110.06062763207616,108.2962242747981,109.16347402712566,223000
111.20698547363281,112.51284537950526,107.66822339039715,107.69812724380787,310700
110.41947937011719,112.23371991220031,108.44574908199223,110.6088805734659,232300
112.17390441894531,113.66915775986487,110.4892498878287,111.17706885833226,155500
114.82550048828125,115.73261697134569,112.37328571192538,112.38324859260291,304500
117.08030700683594,119.10564048271148,116.55152626034952,116.7810010280746,322300
116.94062805175781,118.06802835500518,115.23455887277892,116.7311115854124,383500
114.30669403076172,117.75874131843749,113.76793414953687,116.99051428764278,143000
114.77560424804688,116.4816732381547,114.6259474709792,115.04498035728079,104300
118.42720031738281,118.81630340945527,114.62595890473926,114.99511131008059,223800
117.77870178222656,118.30748252392956,116.6912028505405,117.7288136469539,321400
118.30748748779297,119.30518934022126,117.57916178630146,118.6167726262502,140200
114.43639373779297,118.02812631740474,114.0871996291809,117.89842021144835,177100
117.16011810302734,117.66894813247703,114.73570251923348,114.97514881056141,145900
118.11791229248047,119.17547373602895,117.61906140599753,117.85850770018841,126900
116.28215026855469,118.6766285491831,115.10486181543936,117.75874470081816,145500
117.56916809082031,119.36503424775142,116.69119330957628,117.92834132220653,257700
116.87078857421875,117.92835004942008,116.15244205828553,117.07032589003991,135500
116.95060729980469,117.72881349313276,115.80324869677914,117.12021478053296,103600
122.4379653930664,123.7349731583141,118.02812528987509,119.72421529514541,352000
120.37271881103516,122.8470149120559,119.26526924899544,121.32053243785529,223000
115.83318328857422,124.19392966503808,114.67585310048273,120.76183286447376,291900
113.66815948486328,118.78636666819051,113.1094489465427,116.16241383359471,247000
112.74030303955078,115.23455753157624,110.9145069245416,111.89225803463425,475500
113.25910186767578,114.17699328341156,111.53308206385157,112.4509658677269,136100
115.883056640625,116.01275512433621,112.14167517963965,113.31896351717077,69500
117.04039001464844,117.58912902263306,114.86539989223891,115.10485379310146,90900
114.87538146972656,116.63133872054088,113.62825425417728,116.57147143812941,182100
114.76563262939453,116.02273898263657,111.64282885013002,113.3888069361316,165900
115.3642578125,116.74109118502335,114.68582027568203,115.51391460671263,277100
115.07492065429688,117.71883191670864,113.44866947899513,116.02274192067271,187100
118.2975082397461,118.64670236543391,114.41644864597069,115.50394001052148,169300
120.96135711669922,123.89460267513701,120.25298979302171,121.7196125722406,282100
124.94219970703125,128.4042185575114,122.91685865997911,124.71272494391576,361900
118.39726257324219,123.25607274275622,117.4793788077057,123.25607274275622,266400
118.08797454833984,118.56686710464817,114.68580807669065,115.75334859779201,167700
117.08030700683594,117.68890572573638,114.39649428819682,115.62366326365384,149300
117.79865264892578,119.57456065654728,116.57147607083705,118.07800793841311,353700
120.85162353515625,122.03889118409272,118.5868436626694,120.86160268507518,253200
119.38500213623047,122.51778520800337,119.245316880038,121.52008339885631,242800
120.88154602050781,121.9690372593523,119.93372480393252,121.4502357057089,173900
127.25686645507812,127.36661426100962,121.28062724793796,122.41800668044563,337600
125.66053771972656,130.20008392031315,125.061918166603,128.02510132006498,361800
125.00205993652344,125.70044815457882,123.2361234808023,124.28371341974608,248400
125.0718994140625,125.27143673116427,123.04656595922266,124.9122634708925,232100
112.99971008300781,122.29829072599692,111.51312889305595,122.24840259033273,433300
113.7579574584961,114.2368576783314,110.9943267835316,113.92757255185364,243400
112.38113403320312,115.66357398225037,110.6650856599032,115.66357398225037,192000
114.54613494873047,116.36195182080719,112.869995712055,114.59602308074246,260900
114.81552124023438,117.5592011010861,114.34660019157296,114.79556294224089,401100
111.13400268554688,113.68811685298255,110.39570548624637,111.58296544996433,209600
111.15396118164062,111.95211805445204,109.75717713939481,110.2560280393497,199000
113.67814636230469,114.72572869287859,111.41335899703697,111.49317696846946,210700
112.84007263183594,114.91529421324265,111.73262301925162,113.8477535862847,173100
111.43331146240234,113.30898802171201,110.01656918515302,113.02963274818295,190300
112.57069396972656,112.98972689161715,110.89455467030365,111.94213697503014,279500
111.10407257080078,113.89764064332148,110.19616028308035,111.65281160314399,231100
110.91450500488281,111.14397976339617,107.69193251960272,108.97896872863568,323200
123.20619201660156,124.01433564322808,113.33892191437579,115.53387042128831,692300
123.9843978881836,125.2215535862687,121.58991968564851,122.93681557753965,405500
126.43875122070312,126.52854072812764,121.39037498624835,124.24380271515652,267600
131.23768615722656,131.33746242525817,125.44104883152528,126.6881760633147,390200
129.96063232421875,131.85627489794987,127.68588102657931,130.91843276050793,397300
126.24918365478516,131.8562703764557,124.76261013979165,131.8562703764557,272700
125.59017944335938,127.31757198703514,123.51331662144884,126.44888219438238,248500
121.31663513183594,125.9596189876181,121.24674107886203,125.28064492249425,1177100
123.2137680053711,124.81135178463839,121.57624367938708,121.78592583623961,224800
116.25428771972656,124.55174408487987,116.15444016023557,123.80287596187671,248400
114.99618530273438,116.18439180997004,112.66969987615109,116.18439180997004,355000
107.26787567138672,115.49543839941865,106.12959667625603,114.74657023852315,536000
106.92838287353516,108.58588136287536,103.24395676882959,105.62036228058695,491300
110.4330825805664,110.77257341885704,105.81007285101256,106.19948365930922,299000
105.83003997802734,110.1335405964213,104.57194702852156,108.10659783090115,325700
109.50448608398438,109.80403637626904,103.40370658202175,105.81007310783554,412400
105.32081604003906,107.79706903100993,103.95288086128434,106.77861173685974,309600
103.09417724609375,106.76862377129927,101.79613613192055,105.33079455164656,316400
105.61036682128906,107.09812357361102,104.16255823233374,105.21097660218423,275200
101.45665740966797,105.22096461913196,100.3682984054386,105.200998153698,275800
106.02974700927734,106.37921728718952,102.48510140417213,103.00432091811082,144900
107.2279281616211,108.2863259892622,104.18252812450984,105.35076816926356,173700
105.37073516845703,106.63882277770794,104.71173518759973,105.76014597939098,250100
106.109619140625,107.4675673043021,104.09267097809673,105.03125481360665,198600
105.67028045654297,106.53896255460988,104.43214641172383,104.47208695683543,177600
105.10115051269531,105.54048131284293,101.92594925940124,104.38223587151465,701200
107.00826263427734,108.52597299325593,106.42913611261761,107.6472961692534,198900
107.94684600830078,108.17649463694809,104.77164481219339,106.92838107901092,388300
104.96136474609375,109.29481153753098,104.01279383305666,109.29481153753098,298600
99.86904907226562,104.77164268488195,99.77918855450139,104.09266861843498,376900
94.65692901611328,100.07873425765823,92.99943066429375,100.07873425765823,654300
95.1661605834961,95.88507521517073,90.9625150143837,92.62999290747975,367600
95.01639556884766,97.01337732404447,92.83968515096788,94.44724845545095,300600
96.37432861328125,97.75225079199755,92.7597967946318,92.99943245349888,250800
83.7434310913086,90.36342274440055,83.03450349552584,89.90411786338133,642800
78.91072845458984,81.74644635075543,74.98665921887803,79.84931226511992,836000
81.80635070800781,86.41938089903752,74.89679627130718,75.49588922157437,734300
80.04900360107422,86.39940553931545,78.14189018217866,85.3709612599569,473000
95.46571350097656,96.71382709907752,79.67957514991751,79.67957514991751,994200
86.57913970947266,90.9725009233258,83.56370072846815,89.73437441634518,513500
86.63904571533203,88.84571714695102,83.48381866300362,85.84025762438277,371300
88.72589874267578,90.36342314943396,86.10984993779101,90.21364799632836,351000
89.0354232788086,90.47325247613804,87.68746221525238,88.67596597947623,308000
85.44086456298828,87.83724420602792,82.51528597076141,86.67899112503775,409000
86.65901947021484,88.23663679935405,84.49229621189859,85.81030379396769,281100
85.91015625,86.13980488644194,84.07292906906025,84.39244584602184,234600
87.9770278930664,88.86568412488481,86.13980079929901,87.4677954352993,252400
91.3519287109375,96.56405233667776,91.25208114625929,92.64996990539696,275500
96.77373504638672,97.12320533364563,92.74981798620358,92.74981798620358,229600
100.51807403564453,100.59795513352084,95.19611587125719,95.58553431893405,412200
98.74076080322266,100.84757713295545,96.68387206377727,99.71928520053865,267100
97.08326721191406,98.84060559615129,94.53711253622005,98.15165210035167,554900
97.26299285888672,97.51261555984736,92.6899031489965,94.05783067481744,435600
108.14653778076172,114.71660917453745,107.90690211806665,110.09359944156512,1161400
111.1220474243164,114.43703673604261,109.24488737190106,109.24488737190106,550400
109.87393188476562,111.48150273104355,109.38467351090553,109.83399133740636,367000
107.05818939208984,108.37619699997173,106.31930830136773,107.23791804852286,357600
109.64427185058594,109.8539540035612,107.1280783970026,108.05667514182458,219100
110.39314270019531,112.54988652951579,109.50448647919208,111.47151461485555,220300
112.52991485595703,112.6297700344701,110.41311914617795,111.82098727222153,265200
117.20285034179688,120.81738987214428,116.03461790438233,118.16140062002526,505400
119.95869445800781,120.16837662996299,117.48244132625811,117.6721494144761,317900
118.74053192138672,121.13691152265567,118.51088328828772,120.03857309395596,319500
118.58078002929688,118.70059406045088,116.50391715331024,117.52237450752393,277000
117.97169494628906,119.1199609424519,117.22282681199339,118.54083442363856,325400
116.79347229003906,116.86336634263753,113.8579068451423,115.12599445098942,176400
118.44097900390625,118.57078006280132,116.16441362768118,116.60375200837235,254100
115.82493591308594,118.68062028727005,114.96623319257573,116.62373162170768,210000
115.76502990722656,117.65217697691777,114.75655203035078,115.28575095431236,178400
113.79631042480469,114.92557638710825,112.17735608219914,112.33725619604235,169700
117.43395233154297,118.44329319287144,115.34530096736069,116.53453326621225,243200
115.62511444091797,118.48326402255475,115.35529254310771,118.09351704546398,228400
116.18476104736328,118.11351229592624,114.97554504948079,116.92427999969289,207500
114.7057113647461,115.64510542183638,112.60707204255793,115.22537908229009,337100
